(10,10) (10,-9) (-9,-9) (-9,10)
---
(0,1) (7,8) (6,8) (1,3)
(6,5) (7,6) (10,5) (8,3)
(4,3) (8,0) (8,1) (4,4)
(9,2) (10,5) (10,-1)
(2,2) (-2,-9) (-3,-8) (1,2)
(-3,-9) (-9,0) (-8,1) (-6,-8)
(-6,5) (-1,2) (-2,-4) (-5,-2) (-4,1)
(10,-3) (7,-7) (6,-6) (6,0)
(-7,10) (-6,10) (-6,7) (-7,6)
(-5,7) (0,4) (0,5) (-4,8)
(0,7) (5,10) (5,9) (0,6)
(2,-3) (2,-6) (4,-6) (4,-3)
---
(-8,6) (5,-8)
(-2,4) (-4,-6)
(-5,6) (9,-1)
(0,9) (9,7)
(-6,-3) (1,-3)
(-6,-3) (5,0)
(3,-2) (-5,9)
(0,3) (0,-8)
(2,9) (-4,-6)
(-6,1) (6,1)
